,postal_code,data,value,Score
90,M8X,2021A0011M8X - Median after-tax income in 2020 among recipients ($) - Counts - Total,56800.0,55
56,M5E,2021A0011M5E - Median after-tax income in 2020 among recipients ($) - Counts - Total,56800.0,55
48,M4T,2021A0011M4T - Median after-tax income in 2020 among recipients ($) - Counts - Total,56400.0,54
44,M4N,2021A0011M4N - Median after-tax income in 2020 among recipients ($) - Counts - Total,54400.0,53
68,M5V,2021A0011M5V - Median after-tax income in 2020 among recipients ($) - Counts - Total,54000.0,52
38,M4G,2021A0011M4G - Median after-tax income in 2020 among recipients ($) - Counts - Total,54000.0,52
69,M5W,2021A0011M5V - Median after-tax income in 2020 among recipients ($) - Counts - Total,54000.0,52
70,M5X,2021A0011M5V - Median after-tax income in 2020 among recipients ($) - Counts - Total,54000.0,52
61,M5L,2021A0011M5J - Median after-tax income in 2020 among recipients ($) - Counts - Total,54000.0,52
60,M5K,2021A0011M5J - Median after-tax income in 2020 among recipients ($) - Counts - Total,54000.0,52
59,M5J,2021A0011M5J - Median after-tax income in 2020 among recipients ($) - Counts - Total,54000.0,52
49,M4V,2021A0011M4V - Median after-tax income in 2020 among recipients ($) - Counts - Total,52800.0,51
62,M5M,2021A0011M5M - Median after-tax income in 2020 among recipients ($) - Counts - Total,52400.0,50
50,M4W,2021A0011M4W - Median after-tax income in 2020 among recipients ($) - Counts - Total,52000.0,49
58,M5H,2021A0011M5H - Median after-tax income in 2020 among recipients ($) - Counts - Total,52000.0,49
55,M5C,2021A0011M5C - Median after-tax income in 2020 among recipients ($) - Counts - Total,51600.0,48
46,M4R,2021A0011M4R - Median after-tax income in 2020 among recipients ($) - Counts - Total,49600.0,47
84,M6S,2021A0011M6S - Median after-tax income in 2020 among recipients ($) - Counts - Total,49200.0,46
64,M5P,2021A0011M5P - Median after-tax income in 2020 among recipients ($) - Counts - Total,48800.0,45
37,M4E,2021A0011M4E - Median after-tax income in 2020 among recipients ($) - Counts - Total,48800.0,45
47,M4S,2021A0011M4S - Median after-tax income in 2020 among recipients ($) - Counts - Total,47600.0,44
83,M6R,2021A0011M6R - Median after-tax income in 2020 among recipients ($) - Counts - Total,46400.0,43
65,M5R,2021A0011M5R - Median after-tax income in 2020 among recipients ($) - Counts - Total,46400.0,43
92,M8Z,2021A0011M8Z - Median after-tax income in 2020 among recipients ($) - Counts - Total,45200.0,42
42,M4L,2021A0011M4L - Median after-tax income in 2020 among recipients ($) - Counts - Total,45200.0,42
26,M3B,2021A0011M3B - Median after-tax income in 2020 among recipients ($) - Counts - Total,44800.0,41
63,M5N,2021A0011M5N - Median after-tax income in 2020 among recipients ($) - Counts - Total,44400.0,40
23,M2P,2021A0011M2P - Median after-tax income in 2020 among recipients ($) - Counts - Total,44400.0,40
43,M4M,2021A0011M4M - Median after-tax income in 2020 among recipients ($) - Counts - Total,43600.0,39
91,M8Y,2021A0011M8Y - Median after-tax income in 2020 among recipients ($) - Counts - Total,42800.0,38
82,M6P,2021A0011M6P - Median after-tax income in 2020 among recipients ($) - Counts - Total,42800.0,38
45,M4P,2021A0011M4P - Median after-tax income in 2020 among recipients ($) - Counts - Total,42400.0,37
94,M9B,2021A0011M9B - Median after-tax income in 2020 among recipients ($) - Counts - Total,42000.0,36
20,M2L,2021A0011M2L - Median after-tax income in 2020 among recipients ($) - Counts - Total,41600.0,35
77,M6J,2021A0011M6J - Median after-tax income in 2020 among recipients ($) - Counts - Total,41600.0,35
93,M9A,2021A0011M9A - Median after-tax income in 2020 among recipients ($) - Counts - Total,41200.0,34
89,M8W,2021A0011M8W - Median after-tax income in 2020 among recipients ($) - Counts - Total,40800.0,33
88,M8V,2021A0011M8V - Median after-tax income in 2020 among recipients ($) - Counts - Total,40800.0,33
73,M6C,2021A0011M6C - Median after-tax income in 2020 among recipients ($) - Counts - Total,40800.0,33
41,M4K,2021A0011M4K - Median after-tax income in 2020 among recipients ($) - Counts - Total,40400.0,32
57,M5G,2021A0011M5G - Median after-tax income in 2020 among recipients ($) - Counts - Total,40000.0,31
1,M1C,2021A0011M1C - Median after-tax income in 2020 among recipients ($) - Counts - Total,39600.0,30
53,M5A,2021A0011M5A - Median after-tax income in 2020 among recipients ($) - Counts - Total,39200.0,29
52,M4Y,2021A0011M4Y - Median after-tax income in 2020 among recipients ($) - Counts - Total,39200.0,29
40,M4J,2021A0011M4J - Median after-tax income in 2020 among recipients ($) - Counts - Total,39200.0,29
95,M9C,2021A0011M9C - Median after-tax income in 2020 among recipients ($) - Counts - Total,39200.0,29
75,M6G,2021A0011M6G - Median after-tax income in 2020 among recipients ($) - Counts - Total,39200.0,29
9,M1N,2021A0011M1N - Median after-tax income in 2020 among recipients ($) - Counts - Total,39200.0,29
78,M6K,2021A0011M6K - Median after-tax income in 2020 among recipients ($) - Counts - Total,38800.0,28
66,M5S,2021A0011M5S - Median after-tax income in 2020 among recipients ($) - Counts - Total,38400.0,27
19,M2K,2021A0011M2K - Median after-tax income in 2020 among recipients ($) - Counts - Total,38400.0,27
99,M9P,2021A0011M9P - Median after-tax income in 2020 among recipients ($) - Counts - Total,37600.0,26
28,M3H,2021A0011M3H - Median after-tax income in 2020 among recipients ($) - Counts - Total,36800.0,25
76,M6H,2021A0011M6H - Median after-tax income in 2020 among recipients ($) - Counts - Total,36400.0,24
36,M4C,2021A0011M4C - Median after-tax income in 2020 among recipients ($) - Counts - Total,36400.0,24
22,M2N,2021A0011M2N - Median after-tax income in 2020 among recipients ($) - Counts - Total,36400.0,24
30,M3K,2021A0011M3K - Median after-tax income in 2020 among recipients ($) - Counts - Total,35600.0,23
35,M4B,2021A0011M4B - Median after-tax income in 2020 among recipients ($) - Counts - Total,35200.0,22
54,M5B,2021A0011M5B - Median after-tax income in 2020 among recipients ($) - Counts - Total,35200.0,22
72,M6B,2021A0011M6B - Median after-tax income in 2020 among recipients ($) - Counts - Total,35200.0,22
25,M3A,2021A0011M3A - Median after-tax income in 2020 among recipients ($) - Counts - Total,34400.0,21
74,M6E,2021A0011M6E - Median after-tax income in 2020 among recipients ($) - Counts - Total,34000.0,20
8,M1M,2021A0011M1M - Median after-tax income in 2020 among recipients ($) - Counts - Total,34000.0,20
100,M9R,2021A0011M9R - Median after-tax income in 2020 among recipients ($) - Counts - Total,33600.0,19
71,M6A,2021A0011M6A - Median after-tax income in 2020 among recipients ($) - Counts - Total,33600.0,19
18,M2J,2021A0011M2J - Median after-tax income in 2020 among recipients ($) - Counts - Total,33200.0,18
98,M9N,2021A0011M9N - Median after-tax income in 2020 among recipients ($) - Counts - Total,33200.0,18
27,M3C,2021A0011M3C - Median after-tax income in 2020 among recipients ($) - Counts - Total,32800.0,17
2,M1E,2021A0011M1E - Median after-tax income in 2020 among recipients ($) - Counts - Total,32800.0,17
102,M9W,2021A0011M9W - Median after-tax income in 2020 among recipients ($) - Counts - Total,32400.0,16
34,M4A,2021A0011M4A - Median after-tax income in 2020 among recipients ($) - Counts - Total,32400.0,16
32,M3M,2021A0011M3M - Median after-tax income in 2020 among recipients ($) - Counts - Total,32400.0,16
81,M6N,2021A0011M6N - Median after-tax income in 2020 among recipients ($) - Counts - Total,32000.0,15
17,M2H,2021A0011M2H - Median after-tax income in 2020 among recipients ($) - Counts - Total,32000.0,15
16,M1X,2021A0011M1X - Median after-tax income in 2020 among recipients ($) - Counts - Total,32000.0,15
11,M1R,2021A0011M1R - Median after-tax income in 2020 among recipients ($) - Counts - Total,32000.0,15
97,M9M,2021A0011M9M - Median after-tax income in 2020 among recipients ($) - Counts - Total,32000.0,15
7,M1L,2021A0011M1L - Median after-tax income in 2020 among recipients ($) - Counts - Total,32000.0,15
4,M1H,2021A0011M1H - Median after-tax income in 2020 among recipients ($) - Counts - Total,31800.0,14
79,M6L,2021A0011M6L - Median after-tax income in 2020 among recipients ($) - Counts - Total,31800.0,14
80,M6M,2021A0011M6M - Median after-tax income in 2020 among recipients ($) - Counts - Total,31800.0,14
0,M1B,2021A0011M1B - Median after-tax income in 2020 among recipients ($) - Counts - Total,31600.0,13
51,M4X,2021A0011M4X - Median after-tax income in 2020 among recipients ($) - Counts - Total,31600.0,13
21,M2M,2021A0011M2M - Median after-tax income in 2020 among recipients ($) - Counts - Total,31600.0,13
24,M2R,2021A0011M2R - Median after-tax income in 2020 among recipients ($) - Counts - Total,31400.0,12
5,M1J,2021A0011M1J - Median after-tax income in 2020 among recipients ($) - Counts - Total,31200.0,11
10,M1P,2021A0011M1P - Median after-tax income in 2020 among recipients ($) - Counts - Total,31200.0,11
6,M1K,2021A0011M1K - Median after-tax income in 2020 among recipients ($) - Counts - Total,31000.0,10
31,M3L,2021A0011M3L - Median after-tax income in 2020 among recipients ($) - Counts - Total,30600.0,9
29,M3J,2021A0011M3J - Median after-tax income in 2020 among recipients ($) - Counts - Total,30600.0,9
13,M1T,2021A0011M1T - Median after-tax income in 2020 among recipients ($) - Counts - Total,29800.0,8
67,M5T,2021A0011M5T - Median after-tax income in 2020 among recipients ($) - Counts - Total,29800.0,8
96,M9L,2021A0011M9L - Median after-tax income in 2020 among recipients ($) - Counts - Total,29600.0,7
15,M1W,2021A0011M1W - Median after-tax income in 2020 among recipients ($) - Counts - Total,29600.0,7
12,M1S,2021A0011M1S - Median after-tax income in 2020 among recipients ($) - Counts - Total,29400.0,6
101,M9V,2021A0011M9V - Median after-tax income in 2020 among recipients ($) - Counts - Total,29400.0,6
3,M1G,2021A0011M1G - Median after-tax income in 2020 among recipients ($) - Counts - Total,29200.0,5
33,M3N,2021A0011M3N - Median after-tax income in 2020 among recipients ($) - Counts - Total,28400.0,4
14,M1V,2021A0011M1V - Median after-tax income in 2020 among recipients ($) - Counts - Total,27400.0,3
39,M4H,2021A0011M4H - Median after-tax income in 2020 among recipients ($) - Counts - Total,27000.0,2
87,M7Y,2021A0011M7A - Median after-tax income in 2020 among recipients ($) - Counts - Total,0.0,1
86,M7R,2021A0011M7A - Median after-tax income in 2020 among recipients ($) - Counts - Total,0.0,1
85,M7A,2021A0011M7A - Median after-tax income in 2020 among recipients ($) - Counts - Total,0.0,1
